Assassins
-001;Matthew;Egan;80;0;43;18;8;5;0;4;15;20;74;76
-002;Alex;MacKenzie;55;0;27;4;0;0;0;0;0;0;873;0
-007;Nathan;Struck;99;0;29;11;0;0;0;0;0;0;371;0
-008;Tim;Russell;69;0;16;12;0;0;0;0;0;0;38;0
-009;t;t;1;0;1;1;1;1;0;1;1;1;1;1
-009;e;2;2;0;2;2;2;2;0;2;2;2;2;2
-009;r;4;4;0;4;4;4;4;0;4;4;4;4;4
-009;y;y;6;0;6;6;6;6;0;6;6;6;6;6
-009;8;8;8;0;8;8;8;8;0;8;8;8;8;8
-009;9;9;9;0;9;9;9;9;0;9;9;9;9;9
-009;3;3;3;0;3;3;3;3;0;3;3;3;3;3
-009;7;7;7;0;7;7;7;7;0;7;7;7;7;7
-010;q;q;1;0;2;3;4;5;0;6;7;8;9;0
-010;dog;cat;1;0;1;1;1;1;0;1;1;1;1;1
-011;Bobby;Will;9;0;9;9;9;9;0;9;9;9;9;9
-012;yu;yu;7;0;7;7;7;7;0;7;7;7;7;7
Wolves
-003;Bob;Bib;33;0;32;3;0;0;0;0;0;0;0;0
Jokers
-004;Bob;Bib;33;0;38;25;0;0;1;0;0;0;0;0
-005;Tim;Russell;69;0;15;10;0;0;0;0;0;0;0;0
Silverbacks
-006;Bob;Bib;33;0;3;0;0;0;0;0;0;0;0;0
